{"iterations":11,"topples":76,"grid_size":11,"grid":[[0,0,0,1,1,2,1,1,0,0,0],[0,3,6,15,17,23,17,15,6,3,0],[0,6,7,21,17,3,17,21,7,6,0],[1,15,21,10,8,19,8,10,21,15,1],[1,17,17,8,11,3,11,8,17,17,1],[2,23,3,19,3,12,3,19,3,23,2],[1,17,17,8,11,3,11,8,17,17,1],[1,15,21,10,8,19,8,10,21,15,1],[0,6,7,21,17,3,17,21,7,6,0],[0,3,6,15,17,23,17,15,6,3,0],[0,0,0,1,1,2,1,1,0,0,0]]}