{"iterations":15,"topples":233,"grid_size":13,"grid":[[0,0,0,0,0,1,1,1,0,0,0,0,0],[0,0,0,0,3,7,9,7,3,0,0,0,0],[0,0,0,4,15,3,12,3,15,4,0,0,0],[0,0,4,18,19,9,19,9,19,18,4,0,0],[0,3,15,19,8,15,1,15,8,19,15,3,0],[1,7,3,9,15,14,18,14,15,9,3,7,1],[1,9,12,19,1,18,16,18,1,19,12,9,1],[1,7,3,9,15,14,18,14,15,9,3,7,1],[0,3,15,19,8,15,1,15,8,19,15,3,0],[0,0,4,18,19,9,19,9,19,18,4,0,0],[0,0,0,4,15,3,12,3,15,4,0,0,0],[0,0,0,0,3,7,9,7,3,0,0,0,0],[0,0,0,0,0,1,1,1,0,0,0,0,0]]}