{"iterations":4,"topples":47,"grid_size":9,"grid":[[2,4,10,12,16,12,10,4,2],[4,8,13,17,18,17,13,8,4],[10,13,17,13,20,13,17,13,10],[12,17,13,23,12,23,13,17,12],[16,18,20,12,8,12,20,18,16],[12,17,13,23,12,23,13,17,12],[10,13,17,13,20,13,17,13,10],[4,8,13,17,18,17,13,8,4],[2,4,10,12,16,12,10,4,2]]}