{"iterations":14,"topples":3552,"grid_size":13,"grid":[[0,0,0,1,3,5,6,5,3,1,0,0,0],[0,0,2,5,9,12,13,12,9,5,2,0,0],[0,2,6,14,7,1,6,1,7,14,6,2,0],[1,5,14,14,9,7,5,7,9,14,14,5,1],[3,9,7,9,6,13,11,13,6,9,7,9,3],[5,12,1,7,13,4,6,4,13,7,1,12,5],[6,13,6,5,11,6,12,6,11,5,6,13,6],[5,12,1,7,13,4,6,4,13,7,1,12,5],[3,9,7,9,6,13,11,13,6,9,7,9,3],[1,5,14,14,9,7,5,7,9,14,14,5,1],[0,2,6,14,7,1,6,1,7,14,6,2,0],[0,0,2,5,9,12,13,12,9,5,2,0,0],[0,0,0,1,3,5,6,5,3,1,0,0,0]]}